9B 00 00 00
E8 01 00 00
2A 02 00 00
D3 03 00 00
D3 04 00 00
83 05 00 00
4C 06 00 00
5E 07 00 00
3F 08 00 00
5E 09 00 00
E2 0A 00 00
28 0B 00 00
3A 0C 00 00
13 0D 00 00
AF 0E 00 00
CE 0F 00 00
ED 10 00 00
9E 11 00 00
5C 12 00 00
A5 13 00 00
A5 14 00 00
F5 15 00 00
3A 16 00 00
28 17 00 00
49 18 00 00
28 19 00 00
94 1A 00 00
5E 1B 00 00
4C 1C 00 00
65 1D 00 00
D9 1E 00 00
B8 1F 00 00
77 20 00 00
04 21 00 00
C6 22 00 00
3F 23 00 00
3F 24 00 00
6F 25 00 00
A0 26 00 00
B2 27 00 00
D3 28 00 00
B2 29 00 00
0E 2A 00 00
C4 2B 00 00
D6 2C 00 00
FF 2D 00 00
43 2E 00 00
22 2F 00 00
6C 40 00 00
1F 41 00 00
DD 42 00 00
24 43 00 00
24 44 00 00
74 45 00 00
BB 46 00 00
A9 47 00 00
C8 48 00 00
A9 49 00 00
15 4A 00 00
DF 4B 00 00
CD 4C 00 00
E4 4D 00 00
58 4E 00 00
39 4F 00 00
1A 50 00 00
69 51 00 00
AB 52 00 00
52 53 00 00
52 54 00 00
02 55 00 00
CD 56 00 00
DF 57 00 00
BE 58 00 00
DF 59 00 00
63 5A 00 00
A9 5B 00 00
BB 5C 00 00
92 5D 00 00
2E 5E 00 00
4F 5F 00 00
80 60 00 00
F3 61 00 00
31 62 00 00
C8 63 00 00
C8 64 00 00
98 65 00 00
57 66 00 00
45 67 00 00
24 68 00 00
45 69 00 00
F9 6A 00 00
33 6B 00 00
21 6C 00 00
08 6D 00 00
B4 6E 00 00
D5 6F 00 00
5A 80 00 00
29 81 00 00
EB 82 00 00
12 83 00 00
12 84 00 00
42 85 00 00
8D 86 00 00
9F 87 00 00
FE 88 00 00
9F 89 00 00
23 8A 00 00
E9 8B 00 00
FB 8C 00 00
D2 8D 00 00
6E 8E 00 00
0F 8F 00 00
2C 90 00 00
5F 91 00 00
9D 92 00 00
64 93 00 00
64 94 00 00
34 95 00 00
FB 96 00 00
E9 97 00 00
88 98 00 00
E9 99 00 00
55 9A 00 00
9F 9B 00 00
8D 9C 00 00
A4 9D 00 00
18 9E 00 00
79 9F 00 00
B6 A0 00 00
C5 A1 00 00
07 A2 00 00
FE A3 00 00
FE A4 00 00
AE A5 00 00
61 A6 00 00
73 A7 00 00
12 A8 00 00
73 A9 00 00
CF AA 00 00
05 AB 00 00
17 AC 00 00
3E AD 00 00
82 AE 00 00
E3 AF 00 00
26 19 01 00
9A 1A 01 00
79 20 01 00
0A 21 01 00
31 23 01 00
31 24 01 00
EA 4D 01 00
56 4E 01 00
14 50 01 00
67 51 01 00
A5 52 01 00
0C 55 01 00
C3 56 01 00
D1 57 01 00
41 5F 01 00
22 90 01 00
6A 93 01 00
6A 94 01 00
3A 95 01 00
F5 96 01 00
77 9F 01 00
A0 A5 01 00
6F A6 01 00
1C A8 01 00
7D A9 01 00
87 00 02 00
F4 01 02 00
36 02 02 00
CF 03 02 00
CF 04 02 00
9F 05 02 00
50 06 02 00
42 07 02 00
23 08 02 00
42 09 02 00
FE 0A 02 00
34 0B 02 00
26 0C 02 00
0F 0D 02 00
B3 0E 02 00
D2 0F 02 00
F1 10 02 00
82 11 02 00
40 12 02 00
B9 13 02 00
B9 14 02 00
E9 15 02 00
26 16 02 00
34 17 02 00
55 18 02 00
34 19 02 00
88 1A 02 00
42 1B 02 00
50 1C 02 00
79 1D 02 00
C5 1E 02 00
A4 1F 02 00
6B 20 02 00
18 21 02 00
DA 22 02 00
23 23 02 00
23 24 02 00
73 25 02 00
BC 26 02 00
AE 27 02 00
CF 28 02 00
AE 29 02 00
12 2A 02 00
D8 2B 02 00
CA 2C 02 00
E3 2D 02 00
5F 2E 02 00
3E 2F 02 00
70 40 02 00
03 41 02 00
C1 42 02 00
38 43 02 00
38 44 02 00
68 45 02 00
A7 46 02 00
B5 47 02 00
D4 48 02 00
B5 49 02 00
09 4A 02 00
C3 4B 02 00
D1 4C 02 00
F8 4D 02 00
44 4E 02 00
25 4F 02 00
06 50 02 00
75 51 02 00
B7 52 02 00
4E 53 02 00
4E 54 02 00
1E 55 02 00
D1 56 02 00
C3 57 02 00
A2 58 02 00
C3 59 02 00
7F 5A 02 00
B5 5B 02 00
A7 5C 02 00
8E 5D 02 00
32 5E 02 00
53 5F 02 00
D4 63 02 00
D4 64 02 00
46 80 02 00
35 81 02 00
F7 82 02 00
0E 83 02 00
0E 84 02 00
5E 85 02 00
91 86 02 00
83 87 02 00
E2 88 02 00
83 89 02 00
3F 8A 02 00
F5 8B 02 00
E7 8C 02 00
CE 8D 02 00
72 8E 02 00
13 8F 02 00
30 90 02 00
43 91 02 00
81 92 02 00
78 93 02 00
78 94 02 00
28 95 02 00
E7 96 02 00
F5 97 02 00
94 98 02 00
F5 99 02 00
49 9A 02 00
83 9B 02 00
91 9C 02 00
B8 9D 02 00
04 9E 02 00
65 9F 02 00
AA A0 02 00
D9 A1 02 00
1B A2 02 00
E2 A3 02 00
E2 A4 02 00
B2 A5 02 00
7D A6 02 00
6F A7 02 00
0E A8 02 00
6F A9 02 00
D3 AA 02 00
19 AB 02 00
0B AC 02 00
22 AD 02 00
9E AE 02 00
FF AF 02 00
8C 11 03 00
4E 12 03 00
5E 1C 03 00
77 1D 03 00
65 20 03 00
16 21 03 00
1C 2A 03 00
D6 2B 03 00
51 2E 03 00
30 2F 03 00
76 93 03 00
76 94 03 00
D7 A1 03 00
15 A2 03 00
EC A3 03 00
EC A4 03 00
17 AB 03 00
A3 00 04 00
D0 01 04 00
12 02 04 00
EB 03 04 00
EB 04 04 00
BB 05 04 00
74 06 04 00
66 07 04 00
07 08 04 00
66 09 04 00
DA 0A 04 00
10 0B 04 00
02 0C 04 00
2B 0D 04 00
97 0E 04 00
F6 0F 04 00
D5 10 04 00
A6 11 04 00
64 12 04 00
9D 13 04 00
9D 14 04 00
CD 15 04 00
02 16 04 00
10 17 04 00
71 18 04 00
10 19 04 00
AC 1A 04 00
66 1B 04 00
74 1C 04 00
5D 1D 04 00
E1 1E 04 00
80 1F 04 00
4F 20 04 00
3C 21 04 00
FE 22 04 00
07 23 04 00
07 24 04 00
57 25 04 00
98 26 04 00
8A 27 04 00
EB 28 04 00
8A 29 04 00
36 2A 04 00
FC 2B 04 00
EE 2C 04 00
C7 2D 04 00
7B 2E 04 00
1A 2F 04 00
54 40 04 00
27 41 04 00
E5 42 04 00
1C 43 04 00
1C 44 04 00
4C 45 04 00
83 46 04 00
91 47 04 00
F0 48 04 00
91 49 04 00
2D 4A 04 00
E7 4B 04 00
F5 4C 04 00
DC 4D 04 00
60 4E 04 00
01 4F 04 00
22 50 04 00
51 51 04 00
93 52 04 00
6A 53 04 00
6A 54 04 00
3A 55 04 00
F5 56 04 00
E7 57 04 00
86 58 04 00
E7 59 04 00
5B 5A 04 00
91 5B 04 00
83 5C 04 00
AA 5D 04 00
16 5E 04 00
77 5F 04 00
B8 60 04 00
CB 61 04 00
09 62 04 00
30 6D 04 00
8C 6E 04 00
ED 6F 04 00
62 80 04 00
11 81 04 00
D3 82 04 00
2A 83 04 00
2A 84 04 00
7A 85 04 00
B5 86 04 00
A7 87 04 00
C6 88 04 00
A7 89 04 00
1B 8A 04 00
D1 8B 04 00
C3 8C 04 00
EA 8D 04 00
56 8E 04 00
37 8F 04 00
14 90 04 00
67 91 04 00
A5 92 04 00
5C 93 04 00
5C 94 04 00
0C 95 04 00
C3 96 04 00
D1 97 04 00
B0 98 04 00
D1 99 04 00
6D 9A 04 00
A7 9B 04 00
B5 9C 04 00
9C 9D 04 00
20 9E 04 00
41 9F 04 00
8E A0 04 00
FD A1 04 00
3F A2 04 00
C6 A3 04 00
C6 A4 04 00
96 A5 04 00
59 A6 04 00
4B A7 04 00
2A A8 04 00
4B A9 04 00
F7 AA 04 00
3D AB 04 00
2F AC 04 00
06 AD 04 00
BA AE 04 00
DB AF 04 00
AD 00 05 00
F8 0F 05 00
DB 10 05 00
A8 11 05 00
C3 15 05 00
0C 16 05 00
F2 2B 05 00
E0 2C 05 00
9F 47 05 00
FE 48 05 00
9F 49 05 00
23 4A 05 00
2C 50 05 00
5F 51 05 00
E9 59 05 00
55 5A 05 00
9F 5B 05 00
A4 5D 05 00
18 5E 05 00
79 5F 05 00
17 6C 05 00
3E 6D 05 00
E4 8D 05 00
58 8E 05 00
AB 92 05 00
52 93 05 00
52 94 05 00
DF 99 05 00
BB 9C 05 00
92 9D 05 00
31 A2 05 00
C8 A3 05 00
C8 A4 05 00
57 A6 05 00
45 A7 05 00
33 AB 05 00
21 AC 05 00
08 AD 05 00
BF 00 06 00
CC 01 06 00
0E 02 06 00
F7 03 06 00
F7 04 06 00
A7 05 06 00
68 06 06 00
7A 07 06 00
1B 08 06 00
7A 09 06 00
C6 0A 06 00
0C 0B 06 00
1E 0C 06 00
37 0D 06 00
8B 0E 06 00
EA 0F 06 00
C9 10 06 00
BA 11 06 00
78 12 06 00
81 13 06 00
81 14 06 00
D1 15 06 00
1E 16 06 00
0C 17 06 00
6D 18 06 00
0C 19 06 00
B0 1A 06 00
7A 1B 06 00
68 1C 06 00
41 1D 06 00
FD 1E 06 00
9C 1F 06 00
53 20 06 00
20 21 06 00
E2 22 06 00
1B 23 06 00
1B 24 06 00
4B 25 06 00
84 26 06 00
96 27 06 00
F7 28 06 00
96 29 06 00
2A 2A 06 00
E0 2B 06 00
F2 2C 06 00
DB 2D 06 00
67 2E 06 00
06 2F 06 00
48 40 06 00
3B 41 06 00
F9 42 06 00
00 43 06 00
00 44 06 00
50 45 06 00
9F 46 06 00
8D 47 06 00
EC 48 06 00
8D 49 06 00
31 4A 06 00
FB 4B 06 00
E9 4C 06 00
C0 4D 06 00
7C 4E 06 00
1D 4F 06 00
3E 50 06 00
4D 51 06 00
8F 52 06 00
76 53 06 00
76 54 06 00
26 55 06 00
E9 56 06 00
FB 57 06 00
9A 58 06 00
FB 59 06 00
47 5A 06 00
8D 5B 06 00
9F 5C 06 00
B6 5D 06 00
0A 5E 06 00
6B 5F 06 00
A4 60 06 00
D7 61 06 00
15 62 06 00
EC 63 06 00
17 6B 06 00
05 6C 06 00
2C 6D 06 00
90 6E 06 00
F1 6F 06 00
BB 89 06 00
07 8A 06 00
2B 8F 06 00
08 90 06 00
7B 91 06 00
B9 92 06 00
40 93 06 00
40 94 06 00
10 95 06 00
DF 96 06 00
CD 97 06 00
AC 98 06 00
CD 99 06 00
71 9A 06 00
BB 9B 06 00
A9 9C 06 00
80 9D 06 00
3C 9E 06 00
5D 9F 06 00
92 A0 06 00
E1 A1 06 00
23 A2 06 00
DA A3 06 00
DA A4 06 00
8A A5 06 00
45 A6 06 00
57 A7 06 00
36 A8 06 00
57 A9 06 00
EB AA 06 00
21 AB 06 00
33 AC 06 00
1A AD 06 00
A6 AE 06 00
C7 AF 06 00
B1 00 07 00
C2 01 07 00
00 02 07 00
66 06 07 00
74 07 07 00
15 08 07 00
74 09 07 00
C8 0A 07 00
02 0B 07 00
10 0C 07 00
39 0D 07 00
85 0E 07 00
E4 0F 07 00
C7 10 07 00
B4 11 07 00
76 12 07 00
8F 13 07 00
8F 14 07 00
DF 15 07 00
10 16 07 00
02 17 07 00
63 18 07 00
02 19 07 00
BE 1A 07 00
74 1B 07 00
66 1C 07 00
4F 1D 07 00
F3 1E 07 00
92 1F 07 00
5D 20 07 00
2E 21 07 00
EC 22 07 00
15 23 07 00
15 24 07 00
45 25 07 00
8A 26 07 00
98 27 07 00
F9 28 07 00
98 29 07 00
24 2A 07 00
EE 2B 07 00
FC 2C 07 00
D5 2D 07 00
69 2E 07 00
08 2F 07 00
46 40 07 00
35 41 07 00
F7 42 07 00
0E 43 07 00
0E 44 07 00
5E 45 07 00
91 46 07 00
83 47 07 00
E2 48 07 00
83 49 07 00
3F 4A 07 00
F5 4B 07 00
E7 4C 07 00
CE 4D 07 00
72 4E 07 00
13 4F 07 00
30 50 07 00
43 51 07 00
81 52 07 00
78 53 07 00
78 54 07 00
28 55 07 00
E7 56 07 00
F5 57 07 00
94 58 07 00
F5 59 07 00
49 5A 07 00
83 5B 07 00
91 5C 07 00
B8 5D 07 00
04 5E 07 00
65 5F 07 00
AA 60 07 00
D9 61 07 00
1B 62 07 00
E2 63 07 00
E2 64 07 00
B2 65 07 00
9E 6E 07 00
FF 6F 07 00
06 90 07 00
75 91 07 00
B7 92 07 00
4E 93 07 00
4E 94 07 00
1E 95 07 00
D1 96 07 00
C3 97 07 00
A2 98 07 00
C3 99 07 00
7F 9A 07 00
B5 9B 07 00
A7 9C 07 00
8E 9D 07 00
32 9E 07 00
53 9F 07 00
9C A0 07 00
EF A1 07 00
2D A2 07 00
D4 A3 07 00
D4 A4 07 00
84 A5 07 00
4B A6 07 00
59 A7 07 00
38 A8 07 00
59 A9 07 00
E5 AA 07 00
2F AB 07 00
3D AC 07 00
14 AD 07 00
A8 AE 07 00
C9 AF 07 00
EB 00 08 00
98 01 08 00
5A 02 08 00
A3 03 08 00
A3 04 08 00
F3 05 08 00
3C 06 08 00
2E 07 08 00
4F 08 08 00
2E 09 08 00
92 0A 08 00
58 0B 08 00
4A 0C 08 00
63 0D 08 00
DF 0E 08 00
BE 0F 08 00
9D 10 08 00
EE 11 08 00
2C 12 08 00
D5 13 08 00
D5 14 08 00
85 15 08 00
4A 16 08 00
58 17 08 00
39 18 08 00
58 19 08 00
E4 1A 08 00
2E 1B 08 00
3C 1C 08 00
15 1D 08 00
A9 1E 08 00
C8 1F 08 00
07 20 08 00
74 21 08 00
B6 22 08 00
4F 23 08 00
4F 24 08 00
1F 25 08 00
D0 26 08 00
C2 27 08 00
A3 28 08 00
C2 29 08 00
7E 2A 08 00
B4 2B 08 00
A6 2C 08 00
8F 2D 08 00
33 2E 08 00
52 2F 08 00
1C 40 08 00
6F 41 08 00
AD 42 08 00
54 43 08 00
54 44 08 00
04 45 08 00
CB 46 08 00
D9 47 08 00
B8 48 08 00
D9 49 08 00
65 4A 08 00
AF 4B 08 00
BD 4C 08 00
94 4D 08 00
28 4E 08 00
49 4F 08 00
6A 50 08 00
19 51 08 00
DB 52 08 00
22 53 08 00
22 54 08 00
72 55 08 00
BD 56 08 00
AF 57 08 00
CE 58 08 00
AF 59 08 00
13 5A 08 00
D9 5B 08 00
CB 5C 08 00
E2 5D 08 00
5E 5E 08 00
3F 5F 08 00
F0 60 08 00
83 61 08 00
41 62 08 00
B8 63 08 00
B8 64 08 00
E8 65 08 00
27 66 08 00
35 67 08 00
54 68 08 00
35 69 08 00
89 6A 08 00
43 6B 08 00
51 6C 08 00
78 6D 08 00
C4 6E 08 00
A5 6F 08 00
2A 80 08 00
59 81 08 00
32 85 08 00
FD 86 08 00
EF 87 08 00
8E 88 08 00
EF 89 08 00
53 8A 08 00
99 8B 08 00
8B 8C 08 00
A2 8D 08 00
1E 8E 08 00
7F 8F 08 00
5C 90 08 00
2F 91 08 00
ED 92 08 00
14 93 08 00
14 94 08 00
44 95 08 00
8B 96 08 00
99 97 08 00
F8 98 08 00
99 99 08 00
25 9A 08 00
EF 9B 08 00
FD 9C 08 00
D4 9D 08 00
68 9E 08 00
09 9F 08 00
C6 A0 08 00
B5 A1 08 00
77 A2 08 00
8E A3 08 00
8E A4 08 00
DE A5 08 00
11 A6 08 00
03 A7 08 00
62 A8 08 00
03 A9 08 00
BF AA 08 00
75 AB 08 00
67 AC 08 00
4E AD 08 00
F2 AE 08 00
93 AF 08 00
